194.0
204.0
179.0
178.0
198.0
196.0
184.0
196.0
182.0
210.0
204.0
206.0
192.0
205.0
205.0
193.0
206.0
194.0
167.0
153.0
157.0
139.0
1123.0
166.0
170.0
159.0
153.0
154.0
159.0
182.0
196.0
205.0
172.0
170.0
173.0
171.0
177.0
183.0
181.0
178.0
170.0
175.0
178.0
174.0
136.0
134.0
143.0
142.0
136.0
138.0
133.0
138.0
137.0
136.0
135.0
135.0
134.0
177.0
144.0
186.0
168.0
171.0
171.0
171.0
174.0
138.0
144.0
137.0
135.0
141.0
143.0
141.0
143.0
172.0
160.0
141.0
160.0
142.0
142.0
200.0
143.0
143.0
171.0
140.0
143.0
5392.0
215.0
213.0
214.0